function [fuelinst, w_opt] = calc_opt_fuelinst(pwr)
%CALC_OPT_FUELINST Calculates the optimal instantaneuous fuel consumption
%for a given power level and returns the fuel consumption and the demanded
%angular velocity required to generate the demanded power.

%DO NOT MANUALLY UPDATE THE FOLLOWING LINES!
%THEY ARE AUTOMATICALLY GENERATED WITH THE 'gen_best_fuelinst_op' FUNCTION!

%#!KEYSTR_OPT_FUELINST_0bb98bdd5464689e9ba6583ccc7ac141
p = [0 88.0526469474617 176.105293894923 264.157940842385 352.210587789847 440.263234737308 528.31588168477 616.368528632232 704.421175579693 792.473822527155 880.526469474617 968.579116422078 1056.63176336954 1144.684410317 1232.73705726446 1320.78970421193 1408.84235115939 1496.89499810685 1584.94764505431 1673.00029200177 1761.05293894923 1849.1055858967 1937.15823284416 2025.21087979162 2113.26352673908 2201.31617368654 2289.368820634 2377.42146758147 2465.47411452893 2553.52676147639 2641.57940842385 2729.63205537131 2817.68470231877 2905.73734926624 2993.7899962137 3081.84264316116 3169.89529010862 3257.94793705608 3346.00058400354 3434.05323095101 3522.10587789847 3610.15852484593 3698.21117179339 3786.26381874085 3874.31646568831 3962.36911263578 4050.42175958324 4138.4744065307 4226.52705347816 4314.57970042562 4402.63234737308 4490.68499432055 4578.73764126801 4666.79028821547 4754.84293516293 4842.89558211039 4930.94822905785 5019.00087600532 5107.05352295278 5195.10616990024 5283.1588168477 5371.21146379516 5459.26411074262 5547.31675769009 5635.36940463755 5723.42205158501 5811.47469853247 5899.52734547993 5987.57999242739 6075.63263937486 6163.68528632232 6251.73793326978 6339.79058021724 6427.8432271647 6515.89587411216 6603.94852105963 6692.00116800709 6780.05381495455 6868.10646190201 6956.15910884947 7044.21175579693 7132.2644027444 7220.31704969186 7308.36969663932 7396.42234358678 7484.47499053424 7572.5276374817 7660.58028442917 7748.63293137663 7836.68557832409 7924.73822527155 8012.79087221901 8100.84351916647 8188.89616611394 8276.9488130614 8365.00146000886 8453.05410695632 8541.10675390378 8629.15940085125 8717.21204779871 8805.26469474617 8893.31734169363 8981.36998864109 9069.42263558855 9157.47528253601 9245.52792948348 9333.58057643094 9421.6332233784 9509.68587032586 9597.73851727332 9685.79116422079 9773.84381116825 9861.89645811571 9949.94910506317 10038.0017520106 10126.0543989581 10214.1070459056 10302.159692853 10390.2123398005 10478.2649867479 10566.3176336954 10654.3702806429 10742.4229275903 10830.4755745378 10918.5282214852 11006.5808684327 11094.6335153802 11182.6861623276 11270.7388092751 11358.7914562226 11446.84410317 11534.8967501175 11622.9493970649 11711.0020440124 11799.0546909599 11887.1073379073 11975.1599848548 12063.2126318023 12151.2652787497 12239.3179256972 12327.3705726446 12415.4232195921 12503.4758665396 12591.528513487 12679.5811604345 12767.6338073819 12855.6864543294 12943.7391012769 13031.7917482243 13119.8443951718 13207.8970421193 13295.9496890667 13384.0023360142 13472.0549829616 13560.1076299091 13648.1602768566 13736.212923804 13824.2655707515 13912.3182176989 14000.3708646464 14088.4235115939 14176.4761585413 14264.5288054888 14352.5814524363 14440.6340993837 14528.6867463312 14616.7393932786 14704.7920402261 14792.8446871736 14880.897334121 14968.9499810685 15057.0026280159 15145.0552749634 15233.1079219109 15321.1605688583 15409.2132158058 15497.2658627533 15585.3185097007 15673.3711566482 15761.4238035956 15849.4764505431 15937.5290974906 16025.581744438 16113.6343913855 16201.6870383329 16289.7396852804 16377.7923322279 16465.8449791753 16553.8976261228 16641.9502730703 16730.0029200177 16818.0555669652 16906.1082139126 16994.1608608601 17082.2135078076 17170.266154755 17258.3188017025 17346.3714486499 17434.4240955974 17522.4767425449 17610.5293894923 17698.5820364398 17786.6346833873 17874.6873303347 17962.7399772822 18050.7926242296 18138.8452711771 18226.8979181246 18314.950565072 18403.0032120195 18491.055858967 18579.1085059144 18667.1611528619 18755.2137998093 18843.2664467568 18931.3190937043 19019.3717406517 19107.4243875992 19195.4770345466 19283.5296814941 19371.5823284416 19459.634975389 19547.6876223365 19635.740269284 19723.7929162314 19811.8455631789 19899.8982101263 19987.9508570738 20076.0035040213 20164.0561509687 20252.1087979162 20340.1614448637 20428.2140918111 20516.2667387586 20604.319385706 20692.3720326535 20780.424679601 20868.4773265484 20956.5299734959 21044.5826204433 21132.6352673908 21220.6879143383 21308.7405612857 21396.7932082332 21484.8458551807 21572.8985021281 21660.9511490756 21749.003796023 21837.0564429705 21925.109089918 22013.1617368654 22101.2143838129 22189.2670307603 22277.3196777078 22365.3723246553 22453.4249716027 22541.4776185502 22629.5302654977 22717.5829124451 22805.6355593926 22893.68820634 22981.7408532875 23069.793500235 23157.8461471824 23245.8987941299 23333.9514410773 23422.0040880248 23510.0567349723 23598.1093819197 23686.1620288672 23774.2146758147 23862.2673227621 23950.3199697096 24038.372616657 24126.4252636045 24214.477910552 24302.5305574994 24390.5832044469 24478.6358513943 24566.6884983418 24654.7411452893 24742.7937922367 24830.8464391842 24918.8990861317 25006.9517330791 25095.0043800266 25183.057026974 25271.1096739215 25359.162320869 25447.2149678164 25535.2676147639 25623.3202617113 25711.3729086588 25799.4255556063 25887.4782025537 25975.5308495012 26063.5834964487 26151.6361433961 26239.6887903436 26327.741437291 26415.7940842385 26503.846731186 26591.8993781334 26679.9520250809 26768.0046720284 26856.0573189758 26944.1099659233 27032.1626128707 27120.2152598182 27208.2679067657 27296.3205537131 27384.3732006606 27472.425847608 27560.4784945555 27648.531141503 27736.5837884504 27824.6364353979 27912.6890823454 28000.7417292928 28088.7943762403 28176.8470231877 28264.8996701352 28352.9523170827 28441.0049640301 28529.0576109776 28617.110257925 28705.1629048725 28793.21555182 28881.2681987674 28969.3208457149 29057.3734926624 29145.4261396098 29233.4787865573 29321.5314335047 29409.5840804522 29497.6367273997 29585.6893743471 29673.7420212946 29761.794668242 29849.8473151895 29937.899962137 30025.9526090844 30114.0052560319 30202.0579029794 30290.1105499268 30378.1631968743 30466.2158438217 30554.2684907692 30642.3211377167 30730.3737846641 30818.4264316116 30906.479078559 30994.5317255065 31082.584372454 31170.6370194014 31258.6896663489 31346.7423132964 31434.7949602438 31522.8476071913 31610.9002541387 31698.9529010862 31787.0055480337 31875.0581949811 31963.1108419286 32051.1634888761 32139.2161358235 32227.268782771 32315.3214297184 32403.3740766659 32491.4267236134 32579.4793705608 32667.5320175083 32755.5846644557 32843.6373114032 32931.6899583507 33019.7426052981 33107.7952522456 33195.8478991931 33283.9005461405 33371.953193088 33460.0058400354 33548.0584869829 33636.1111339304 33724.1637808778 33812.2164278253 33900.2690747728 33988.3217217202 34076.3743686677 34164.4270156151 34252.4796625626 34340.5323095101 34428.5849564575 34516.637603405 34604.6902503524 34692.7428972999 34780.7955442474 34868.8481911948 34956.9008381423 35044.9534850897 35133.0061320372 35221.0587789847 35309.1114259321 35397.1640728796 35485.2167198271 35573.2693667745 35661.322013722 35749.3746606694 35837.4273076169 35925.4799545644 36013.5326015118 36101.5852484593 36189.6378954067 36277.6905423542 36365.7431893017 36453.7958362491 36541.8484831966 36629.9011301441 36717.9537770915 36806.006424039 36894.0590709864 36982.1117179339 37070.1643648814 37158.2170118288 37246.2696587763 37334.3223057237 37422.3749526712 37510.4275996187 37598.4802465661 37686.5328935136 37774.5855404611 37862.6381874085 37950.690834356 38038.7434813034 38126.7961282509 38214.8487751984 38302.9014221458 38390.9540690933 38479.0067160407 38567.0593629882 38655.1120099357 38743.1646568831 38831.2173038306 38919.2699507781 39007.3225977255 39095.375244673 39183.4278916204 39271.4805385679 39359.5331855154 