function p = calc_power_cycle(t)
%CALC_POWER_CYCLE Calculates the instantaneuous power demaneded at any time
%t

%DO NOT MANUALLY UPDATE THE FOLLOWING LINES!
%THEY ARE AUTOMATICALLY GENERATED WITH THE 'gen_power_cycle' FUNCTION!
%#!KEYSTR_POWER_CYCLE_cf618f1716decc2fa8b7c5e47d300b78
t_cyc = [0;1;2;3;4;5;6;7;8;9;10;11;12;13;14;15;16;17;18;19;20;21;22;23;24;25;26;27;28;29;30;31;32;33;34;35;36;37;38;39;40;41;42;43;44;45;46;47;48;49;50;51;52;53;54;55;56;57;58;59;60;61;62;63;64;65;66;67;68;69;70;71;72;73;74;75;76;77;78;79;80;81;82;83;84;85;86;87;88;89;90;91;92;93;94;95;96;97;98;99;100;101;102;103;104;105;106;107;108;109;110;111;112;113;114;115;116;117;118;119;120;121;122;123;124;125;126;127;128;129;130;131;132;133;134;135;136;137;138;139;140;141;142;143;144;145;146;147;148;149;150;151;152;153;154;155;156;157;158;159;160;161;162;163;164;165;166;167;168;169;170;171;172;173;174;175;176;177;178;179;180;181;182;183;184;185;186;187;188;189;190;191;192;193;194;195;196;197;198;199;200;201;202;203;204;205;206;207;208;209;210;211;212;213;214;215;216;217;218;219;220;221;222;223;224;225;226;227;228;229;230;231;232;233;234;235;236;237;238;239;240;241;242;243;244;245;246;247;248;249;250;251;252;253;254;255;256;257;258;259;260;261;262;263;264;265;266;267;268;269;270;271;272;273;274;275;276;277;278;279;280;281;282;283;284;285;286;287;288;289;290;291;292;293;294;295;296;297;298;299;300;301;302;303;304;305;306;307;308;309;310;311;312;313;314;315;316;317;318;319;320;321;322;323;324;325;326;327;328;329;330;331;332;333;334;335;336;337;338;339;340;341;342;343;344;345;346;347;348;349;350;351;352;353;354;355;356;357;358;359;360;361;362;363;364;365;366;367;368;369;370;371;372;373;374;375;376;377;378;379;380;381;382;383;384;385;386;387;388;389;390;391;392;393;394;395;396;397;398;399;400;401;402;403;404;405;406;407;408;409;410;411;412;413;414;415;416;417;418;419;420;421;422;423;424;425;426;427;428;429;430;431;432;433;434;435;436;437;438;439;440;441;442;443;444;445;446;447;448;449;450;451;452;453;454;455;456;457;458;459;460;461;462;463;464;465;466;467;468;469;470;471;472;473;474;475;476;477;478;479;480;481;482;483;484;485;486;487;488;489;490;491;492;493;494;495;496;497;498;499;500;501;502;503;504;505;506;507;508;509;510;511;512;513;514;515;516;517;518;519;520;521;522;523;524;525;526;527;528;529;530;531;532;533;534;535;536;537;538;539;540;541;542;543;544;545;546;547;548;549;550;551;552;553;554;555;556;557;558;559;560;561;562;563;564;565;566;567;568;569;570;571;572;573;574;575;576;577;578;579;580;581;582;583;584;585;586;587;588;589;590;591;592;593;594;595;596;597;598;599;600];
p_cyc = [0;0;0;0;0;0;12.0062069894952;97.1975861924307;165.636432303628;347.243493535303;5511.52238931898;25726.7518166651;37440.480872713;40133.7040786915;-3684.87371501371;31187.508579363;40523.0790481026;27779.1521261041;25155.4517410485;26680.6095252241;23061.7714841997;34899.284152145;27177.7205055532;11059.9785177551;-5823.26334099192;-5820.77852370303;-25680.349052173;-9565.78928521339;-5715.97466216389;4124.50980979449;14134.2852190011;-736.182096285058;4209.1552784186;-23719.7565095026;-42851.5130221189;-42394.8827230083;-40342.2335040214;-30274.4930185976;-25793.8831697047;-15257.5395023089;-4950.14108833572;-196.547886403398;0;0;0;0;0;0;0;124.767610694482;13714.5259929793;22699.2364123037;18549.64391172;27256.221535171;41399.6661515571;41867.9135611036;28051.9770458295;42142.5258260466;49145.2699246835;48414.9520609286;38940.0813690308;25750.8843720059;36200.9232931884;34634.9888137451;37829.6560914394;32439.3597374441;29977.7674572349;23576.5991823482;3952.05576418081;11104.7239385882;2089.20446562319;-3368.64874917667;-3473.04992629276;5144.08771548691;12089.120650714;5144.08771548691;-3599.06181632335;-12179.6642247249;2857.67903311755;6131.32479915267;6100.79908008889;9416.63662789296;9453.55740490815;16247.8067476286;23373.4963509146;34534.0857007639;43124.8690516119;46924.3685292582;45112.6796116552;44923.429054197;50778.1030344547;54996.5210907133;48500.0990460344;50176.085863468;38154.3406213784;20654.3893393739;18491.3187970851;7128.84177214978;-31061.3082284076;-22203.0479940446;-20060.0882791172;-11815.7015070407;-11930.7874926987;-17961.0290569468;-21750.3980239693;-19681.6230253608;-21320.712971382;-17532.1313079188;-20780.5656319654;-18794.09770125;-20103.5097213166;-16615.9879293758;-19337.59789112;-27469.3979273472;-34388.3697751825;-24920.719428811;-9360.50405726554;-9198.50464201682;-11310.1098808729;-52288.7699533102;-46478.4635250151;-30890.5193527278;-23086.003495255;-18945.3593014629;-11800.9986353668;-4438.10512390708;-782.737764882595;-382.093392765071;-196.547886403398;0;0;0;0;0;0;0;1241.33494716149;12707.6326644022;28689.8597674268;42283.7225379968;55998.3288505328;53567.7507124752;57426.2407428085;59602.2665725115;37940.4634963762;28068.092491205;24552.080900449;30147.8733402822;19887.0248891224;26974.2223324657;19364.1492713054;14647.5613635001;14836.6690897123;21953.5630600602;8436.10000534385;8436.10000534385;22444.7631382143;39184.0668594803;20342.6310211581;31902.9911187698;15731.9917112958;33093.9228472818;16505.0235533104;16662.9747470487;16822.0540326788;-4449.45458896811;-15956.171640004;6401.88972048505;4462.88246936737;659.225124201873;13470.7473093545;-6756.98632374815;16826.9357804778;2297.36411488279;7656.11205606833;3981.15508093162;12967.6347996487;13058.0440160121;5831.62853092321;3952.05576418081;7478.63913889743;7443.49637318627;-10463.2379110214;-1766.32196727986;15610.867259221;-32685.8120767546;51038.4000009049;26599.0296941379;32810.076325871;28225.8327967112;11918.6720030836;34772.0772763569;20267.2749364162;32338.5822488921;19235.8418826969;21467.1240441008;23794.8987377659;12000.2717081923;16050.022325;1992.81424654512;17911.8276909438;24188.2861136817;4141.85099441253;14123.0770528846;16209.325348716;34846.8100483226;8617.9146326509;16803.5888104504;16913.365221967;17023.6776571628;21327.7575017264;21577.1992017365;28221.2675662223;13704.9361259689;22274.4145295509;-34661.1670841312;2430.25150592613;18705.5442574456;16803.5888104504;4489.57499889727;24989.2629882506;10777.6559126493;6590.89620774061;18879.0000613678;-3705.88811222702;24787.2294148587;10641.768925699;14731.4084856232;8576.01702984561;16748.9010917426;-1704.27986265049;14424.862598684;22718.4464537698;14731.4084856232;18937.08577001;23298.7796150716;19406.6094285777;-9725.2996459901;16858.4101176147;-9845.18863479079;24586.3925018088;259.59205465926;24586.3925018088;8451.12366484695;2239.61318328144;14273.3776010233;10241.2935626617;18362.2198127449;14424.862598684;10373.5933864682;-3903.13190845652;12000.2717081923;20112.6937239192;10153.7520555228;9.53804930552374;15891.8952971615;9937.19042554025;11907.7741934354;13924.509058242;5913.34579285721;19876.0164008876;18079.74291365;2023.20568606423;11907.7741934354;13924.509058242;1902.42121172389;29873.7835890491;12139.9969332324;2023.20568606423;22023.7494290872;4040.10349225914;5913.34579285721;7805.06676969367;9723.88240502499;17689.7617745549;11815.7968387293;11815.7968387293;9808.81684995079;19817.1726919913;7923.65308970921;11861.720600442;15891.8952971615;18023.6406804825;10066.735300538;34516.1361979971;24989.2629882506;23298.7796150716;19406.6094285777;30206.3409702121;17925.6743738968;33139.5265271287;18566.2032751483;20867.6673086762;32069.4041546099;14916.4752596488;26012.1936209943;21886.5136900528;22081.6233477783;68059.3376147879;26161.2541947101;83742.687795949;-36145.083233323;8004.81855562752;17144.5299210941;12473.7530251271;28725.6299034562;24385.1428136246;15150.6976519399;-3617.37568578025;7629.41951819756;9746.43585882252;16493.4315032631;11894.644217699;18674.6896893569;16435.1353631975;21040.317706713;37435.9842706754;28801.7837963279;41064.7344998141;46846.0557345033;40701.3490033518;59005.0403242104;48164.2588652293;44170.2774952628;-6289.99818569094;-33966.1868968096;9709.45716392186;38976.8100063678;49747.8972233983;30698.5182642096;48896.5054957339;31940.4892727626;32277.9423873513;22228.3636596164;